{
  "spearman_rho": -0.023689845586479116,
  "spearman_p": 0.5088348564027316,
  "pearson_r": 0.029118859467168794,
  "pearson_p": 0.41672653204983184,
  "confusion_matrix": [
    [
      36.0,
      28.0,
      10.0,
      15.0,
      36.0,
      18.0,
      14.0,
      17.0,
      25.0,
      19.0,
      28.0,
      17.0,
      19.0,
      17.0,
      16.0,
      12.0,
      11.0,
      20.0,
      6.0,
      27.0,
      22.0,
      18.0,
      14.0,
      11.0,
      15.0,
      20.0,
      16.0,
      18.0,
      9.0,
      16.0,
      22.0,
      19.0,
      19.0,
      20.0,
      17.0,
      33.0,
      14.0,
      12.0,
      13.0,
      16.0
    ],
    [
      20.0,
      47.0,
      32.0,
      20.0,
      24.0,
      28.0,
      8.0,
      18.0,
      20.0,
      22.0,
      21.0,
      15.0,
      18.0,
      25.0,
      19.0,
      11.0,
      17.0,
      24.0,
      9.0,
      21.0,
      16.0,
      13.0,
      14.0,
      13.0,
      18.0,
      11.0,
      8.0,
      16.0,
      11.0,
      9.0,
      18.0,
      16.0,
      15.0,
      20.0,
      20.0,
      26.0,
      22.0,
      15.0,
      24.0,
      11.0
    ],
    [
      21.0,
      19.0,
      26.0,
      26.0,
      21.0,
      17.0,
      19.0,
      19.0,
      26.0,
      19.0,
      25.0,
      20.0,
      22.0,
      13.0,
      14.0,
      14.0,
      18.0,
      10.0,
      15.0,
      16.0,
      20.0,
      18.0,
      21.0,
      16.0,
      19.0,
      16.0,
      16.0,
      10.0,
      21.0,
      12.0,
      26.0,
      21.0,
      19.0,
      21.0,
      13.0,
      19.0,
      14.0,
      25.0,
      14.0,
      14.0
    ],
    [
      18.0,
      11.0,
      24.0,
      22.0,
      18.0,
      20.0,
      8.0,
      26.0,
      20.0,
      29.0,
      29.0,
      17.0,
      15.0,
      13.0,
      16.0,
      15.0,
      18.0,
      17.0,
      14.0,
      18.0,
      20.0,
      15.0,
      16.0,
      16.0,
      26.0,
      19.0,
      12.0,
      14.0,
      18.0,
      15.0,
      18.0,
      15.0,
      29.0,
      18.0,
      16.0,
      24.0,
      15.0,
      15.0,
      27.0,
      19.0
    ],
    [
      19.0,
      22.0,
      22.0,
      17.0,
      30.0,
      13.0,
      10.0,
      22.0,
      20.0,
      19.0,
      24.0,
      21.0,
      15.0,
      18.0,
      15.0,
      13.0,
      13.0,
      17.0,
      13.0,
      21.0,
      21.0,
      18.0,
      11.0,
      21.0,
      15.0,
      15.0,
      16.0,
      17.0,
      19.0,
      13.0,
      31.0,
      21.0,
      19.0,
      14.0,
      26.0,
      28.0,
      10.0,
      22.0,
      22.0,
      12.0
    ],
    [
      20.0,
      21.0,
      20.0,
      19.0,
      26.0,
      26.0,
      19.0,
      22.0,
      10.0,
      18.0,
      24.0,
      13.0,
      18.0,
      15.0,
      14.0,
      13.0,
      16.0,
      17.0,
      7.0,
      25.0,
      26.0,
      14.0,
      23.0,
      12.0,
      16.0,
      16.0,
      18.0,
      7.0,
      23.0,
      9.0,
      24.0,
      21.0,
      29.0,
      17.0,
      15.0,
      20.0,
      8.0,
      25.0,
      30.0,
      19.0
    ],
    [
      21.0,
      8.0,
      22.0,
      15.0,
      14.0,
      20.0,
      22.0,
      16.0,
      23.0,
      21.0,
      15.0,
      21.0,
      17.0,
      11.0,
      25.0,
      11.0,
      19.0,
      17.0,
      14.0,
      17.0,
      18.0,
      14.0,
      12.0,
      16.0,
      22.0,
      16.0,
      18.0,
      13.0,
      26.0,
      13.0,
      28.0,
      19.0,
      25.0,
      34.0,
      17.0,
      24.0,
      17.0,
      23.0,
      15.0,
      16.0
    ],
    [
      18.0,
      14.0,
      19.0,
      16.0,
      27.0,
      14.0,
      12.0,
      27.0,
      25.0,
      19.0,
      26.0,
      22.0,
      25.0,
      25.0,
      8.0,
      9.0,
      9.0,
      5.0,
      6.0,
      10.0,
      23.0,
      19.0,
      23.0,
      20.0,
      22.0,
      19.0,
      11.0,
      18.0,
      31.0,
      18.0,
      23.0,
      30.0,
      16.0,
      13.0,
      15.0,
      15.0,
      16.0,
      15.0,
      25.0,
      27.0
    ],
    [
      20.0,
      16.0,
      22.0,
      24.0,
      14.0,
      10.0,
      14.0,
      13.0,
      33.0,
      26.0,
      36.0,
      29.0,
      14.0,
      10.0,
      10.0,
      18.0,
      15.0,
      19.0,
      11.0,
      13.0,
      23.0,
      11.0,
      12.0,
      10.0,
      25.0,
      13.0,
      26.0,
      20.0,
      11.0,
      21.0,
      19.0,
      32.0,
      11.0,
      21.0,
      18.0,
      18.0,
      13.0,
      21.0,
      23.0,
      20.0
    ],
    [
      17.0,
      6.0,
      28.0,
      16.0,
      25.0,
      17.0,
      12.0,
      23.0,
      32.0,
      30.0,
      16.0,
      25.0,
      21.0,
      12.0,
      21.0,
      10.0,
      6.0,
      26.0,
      12.0,
      26.0,
      17.0,
      13.0,
      13.0,
      19.0,
      16.0,
      18.0,
      16.0,
      26.0,
      14.0,
      18.0,
      18.0,
      9.0,
      19.0,
      17.0,
      24.0,
      24.0,
      13.0,
      16.0,
      23.0,
      21.0
    ],
    [
      24.0,
      18.0,
      30.0,
      21.0,
      38.0,
      15.0,
      10.0,
      27.0,
      17.0,
      30.0,
      20.0,
      15.0,
      18.0,
      18.0,
      20.0,
      9.0,
      8.0,
      14.0,
      11.0,
      27.0,
      24.0,
      10.0,
      23.0,
      9.0,
      19.0,
      21.0,
      11.0,
      10.0,
      13.0,
      14.0,
      18.0,
      25.0,
      14.0,
      14.0,
      18.0,
      26.0,
      13.0,
      24.0,
      23.0,
      16.0
    ],
    [
      22.0,
      15.0,
      22.0,
      18.0,
      27.0,
      18.0,
      11.0,
      25.0,
      24.0,
      17.0,
      17.0,
      20.0,
      19.0,
      19.0,
      17.0,
      20.0,
      15.0,
      21.0,
      12.0,
      19.0,
      19.0,
      18.0,
      23.0,
      16.0,
      20.0,
      8.0,
      22.0,
      8.0,
      16.0,
      8.0,
      22.0,
      20.0,
      22.0,
      32.0,
      26.0,
      14.0,
      14.0,
      17.0,
      14.0,
      18.0
    ],
    [
      19.0,
      11.0,
      21.0,
      19.0,
      27.0,
      16.0,
      19.0,
      24.0,
      13.0,
      20.0,
      32.0,
      25.0,
      17.0,
      20.0,
      14.0,
      10.0,
      17.0,
      13.0,
      14.0,
      21.0,
      14.0,
      4.0,
      16.0,
      26.0,
      19.0,
      20.0,
      8.0,
      16.0,
      26.0,
      19.0,
      16.0,
      22.0,
      26.0,
      19.0,
      25.0,
      30.0,
      8.0,
      17.0,
      17.0,
      15.0
    ],
    [
      15.0,
      14.0,
      20.0,
      17.0,
      22.0,
      14.0,
      3.0,
      18.0,
      21.0,
      19.0,
      27.0,
      19.0,
      28.0,
      26.0,
      10.0,
      5.0,
      18.0,
      25.0,
      8.0,
      16.0,
      21.0,
      19.0,
      29.0,
      32.0,
      18.0,
      19.0,
      17.0,
      17.0,
      15.0,
      9.0,
      17.0,
      23.0,
      10.0,
      16.0,
      18.0,
      21.0,
      11.0,
      20.0,
      28.0,
      30.0
    ],
    [
      10.0,
      20.0,
      25.0,
      14.0,
      21.0,
      18.0,
      18.0,
      20.0,
      21.0,
      19.0,
      24.0,
      18.0,
      14.0,
      11.0,
      55.0,
      21.0,
      15.0,
      20.0,
      13.0,
      30.0,
      14.0,
      9.0,
      14.0,
      12.0,
      15.0,
      12.0,
      12.0,
      11.0,
      9.0,
      11.0,
      21.0,
      22.0,
      32.0,
      18.0,
      18.0,
      27.0,
      8.0,
      24.0,
      21.0,
      18.0
    ],
    [
      25.0,
      26.0,
      18.0,
      23.0,
      19.0,
      9.0,
      14.0,
      21.0,
      21.0,
      16.0,
      17.0,
      14.0,
      15.0,
      11.0,
      19.0,
      35.0,
      28.0,
      28.0,
      12.0,
      19.0,
      14.0,
      12.0,
      12.0,
      15.0,
      14.0,
      14.0,
      21.0,
      15.0,
      16.0,
      13.0,
      22.0,
      21.0,
      13.0,
      30.0,
      21.0,
      23.0,
      18.0,
      20.0,
      20.0,
      11.0
    ],
    [
      17.0,
      20.0,
      18.0,
      18.0,
      17.0,
      16.0,
      13.0,
      17.0,
      15.0,
      16.0,
      25.0,
      10.0,
      21.0,
      21.0,
      24.0,
      11.0,
      51.0,
      28.0,
      14.0,
      17.0,
      27.0,
      12.0,
      14.0,
      8.0,
      21.0,
      12.0,
      11.0,
      11.0,
      11.0,
      14.0,
      22.0,
      33.0,
      21.0,
      24.0,
      19.0,
      24.0,
      16.0,
      14.0,
      15.0,
      17.0
    ],
    [
      19.0,
      17.0,
      9.0,
      12.0,
      19.0,
      13.0,
      11.0,
      21.0,
      21.0,
      15.0,
      21.0,
      23.0,
      11.0,
      14.0,
      14.0,
      25.0,
      13.0,
      38.0,
      9.0,
      12.0,
      16.0,
      15.0,
      14.0,
      15.0,
      29.0,
      21.0,
      25.0,
      21.0,
      25.0,
      9.0,
      21.0,
      19.0,
      23.0,
      19.0,
      20.0,
      20.0,
      24.0,
      26.0,
      24.0,
      12.0
    ],
    [
      28.0,
      13.0,
      15.0,
      13.0,
      27.0,
      21.0,
      14.0,
      13.0,
      26.0,
      18.0,
      18.0,
      21.0,
      16.0,
      18.0,
      17.0,
      24.0,
      15.0,
      21.0,
      70.0,
      7.0,
      12.0,
      13.0,
      14.0,
      14.0,
      16.0,
      21.0,
      10.0,
      12.0,
      12.0,
      22.0,
      28.0,
      21.0,
      20.0,
      12.0,
      17.0,
      15.0,
      9.0,
      11.0,
      25.0,
      16.0
    ],
    [
      9.0,
      14.0,
      18.0,
      20.0,
      18.0,
      22.0,
      7.0,
      28.0,
      6.0,
      14.0,
      21.0,
      13.0,
      14.0,
      23.0,
      7.0,
      12.0,
      10.0,
      14.0,
      11.0,
      57.0,
      39.0,
      17.0,
      23.0,
      20.0,
      23.0,
      15.0,
      8.0,
      8.0,
      20.0,
      12.0,
      26.0,
      25.0,
      18.0,
      22.0,
      18.0,
      30.0,
      13.0,
      14.0,
      26.0,
      20.0
    ],
    [
      15.0,
      13.0,
      18.0,
      30.0,
      24.0,
      16.0,
      10.0,
      20.0,
      16.0,
      22.0,
      12.0,
      14.0,
      18.0,
      27.0,
      15.0,
      12.0,
      13.0,
      20.0,
      8.0,
      20.0,
      43.0,
      17.0,
      30.0,
      20.0,
      25.0,
      16.0,
      10.0,
      17.0,
      16.0,
      10.0,
      24.0,
      16.0,
      23.0,
      15.0,
      12.0,
      23.0,
      11.0,
      23.0,
      24.0,
      17.0
    ],
    [
      20.0,
      4.0,
      22.0,
      14.0,
      23.0,
      5.0,
      12.0,
      21.0,
      16.0,
      19.0,
      19.0,
      18.0,
      21.0,
      20.0,
      14.0,
      18.0,
      13.0,
      25.0,
      8.0,
      12.0,
      21.0,
      25.0,
      19.0,
      22.0,
      25.0,
      21.0,
      19.0,
      19.0,
      15.0,
      24.0,
      26.0,
      20.0,
      10.0,
      24.0,
      17.0,
      16.0,
      10.0,
      21.0,
      33.0,
      24.0
    ],
    [
      12.0,
      7.0,
      20.0,
      15.0,
      18.0,
      21.0,
      14.0,
      20.0,
      20.0,
      25.0,
      31.0,
      20.0,
      19.0,
      25.0,
      19.0,
      11.0,
      12.0,
      10.0,
      12.0,
      28.0,
      29.0,
      18.0,
      36.0,
      27.0,
      12.0,
      14.0,
      6.0,
      16.0,
      17.0,
      7.0,
      26.0,
      24.0,
      21.0,
      22.0,
      10.0,
      15.0,
      7.0,
      26.0,
      17.0,
      26.0
    ],
    [
      13.0,
      11.0,
      24.0,
      18.0,
      19.0,
      9.0,
      5.0,
      17.0,
      20.0,
      21.0,
      16.0,
      14.0,
      28.0,
      26.0,
      15.0,
      10.0,
      12.0,
      21.0,
      8.0,
      22.0,
      18.0,
      22.0,
      41.0,
      29.0,
      30.0,
      25.0,
      15.0,
      9.0,
      14.0,
      17.0,
      22.0,
      13.0,
      12.0,
      15.0,
      25.0,
      21.0,
      12.0,
      21.0,
      23.0,
      22.0
    ],
    [
      14.0,
      8.0,
      14.0,
      17.0,
      30.0,
      9.0,
      11.0,
      25.0,
      31.0,
      14.0,
      14.0,
      16.0,
      14.0,
      19.0,
      19.0,
      18.0,
      23.0,
      24.0,
      11.0,
      11.0,
      20.0,
      21.0,
      20.0,
      23.0,
      25.0,
      13.0,
      27.0,
      7.0,
      14.0,
      19.0,
      19.0,
      18.0,
      17.0,
      17.0,
      15.0,
      31.0,
      10.0,
      18.0,
      35.0,
      24.0
    ],
    [
      17.0,
      16.0,
      24.0,
      22.0,
      27.0,
      23.0,
      15.0,
      22.0,
      19.0,
      19.0,
      29.0,
      21.0,
      17.0,
      26.0,
      15.0,
      7.0,
      11.0,
      20.0,
      6.0,
      12.0,
      22.0,
      17.0,
      23.0,
      31.0,
      29.0,
      27.0,
      11.0,
      10.0,
      9.0,
      13.0,
      20.0,
      13.0,
      22.0,
      12.0,
      14.0,
      19.0,
      12.0,
      20.0,
      23.0,
      20.0
    ],
    [
      19.0,
      15.0,
      22.0,
      22.0,
      22.0,
      13.0,
      16.0,
      21.0,
      23.0,
      24.0,
      22.0,
      10.0,
      14.0,
      17.0,
      14.0,
      15.0,
      11.0,
      24.0,
      8.0,
      12.0,
      17.0,
      19.0,
      13.0,
      12.0,
      19.0,
      9.0,
      30.0,
      20.0,
      17.0,
      22.0,
      22.0,
      19.0,
      16.0,
      18.0,
      24.0,
      17.0,
      12.0,
      40.0,
      31.0,
      14.0
    ],
    [
      16.0,
      14.0,
      18.0,
      17.0,
      29.0,
      14.0,
      8.0,
      25.0,
      20.0,
      28.0,
      28.0,
      16.0,
      18.0,
      13.0,
      15.0,
      12.0,
      17.0,
      19.0,
      12.0,
      20.0,
      20.0,
      10.0,
      18.0,
      15.0,
      20.0,
      12.0,
      21.0,
      21.0,
      24.0,
      17.0,
      23.0,
      22.0,
      21.0,
      23.0,
      16.0,
      19.0,
      18.0,
      16.0,
      19.0,
      21.0
    ],
    [
      21.0,
      12.0,
      21.0,
      12.0,
      23.0,
      19.0,
      15.0,
      20.0,
      15.0,
      17.0,
      23.0,
      16.0,
      19.0,
      16.0,
      17.0,
      19.0,
      8.0,
      18.0,
      7.0,
      26.0,
      15.0,
      18.0,
      29.0,
      21.0,
      26.0,
      12.0,
      17.0,
      14.0,
      23.0,
      15.0,
      31.0,
      26.0,
      17.0,
      25.0,
      19.0,
      16.0,
      12.0,
      22.0,
      18.0,
      15.0
    ],
    [
      23.0,
      18.0,
      21.0,
      18.0,
      27.0,
      16.0,
      12.0,
      30.0,
      17.0,
      28.0,
      25.0,
      21.0,
      23.0,
      13.0,
      14.0,
      20.0,
      19.0,
      18.0,
      22.0,
      18.0,
      16.0,
      14.0,
      10.0,
      20.0,
      15.0,
      16.0,
      16.0,
      10.0,
      17.0,
      27.0,
      27.0,
      20.0,
      14.0,
      10.0,
      19.0,
      16.0,
      21.0,
      16.0,
      12.0,
      16.0
    ],
    [
      14.0,
      8.0,
      19.0,
      14.0,
      22.0,
      13.0,
      18.0,
      20.0,
      25.0,
      11.0,
      28.0,
      20.0,
      19.0,
      28.0,
      16.0,
      11.0,
      10.0,
      17.0,
      11.0,
      19.0,
      26.0,
      10.0,
      12.0,
      17.0,
      27.0,
      11.0,
      9.0,
      24.0,
      21.0,
      23.0,
      39.0,
      24.0,
      18.0,
      23.0,
      18.0,
      28.0,
      8.0,
      17.0,
      22.0,
      15.0
    ],
    [
      14.0,
      15.0,
      18.0,
      14.0,
      18.0,
      16.0,
      9.0,
      19.0,
      20.0,
      13.0,
      31.0,
      19.0,
      21.0,
      18.0,
      18.0,
      17.0,
      14.0,
      20.0,
      4.0,
      22.0,
      34.0,
      12.0,
      19.0,
      15.0,
      16.0,
      15.0,
      11.0,
      13.0,
      18.0,
      13.0,
      26.0,
      33.0,
      25.0,
      21.0,
      21.0,
      22.0,
      21.0,
      22.0,
      16.0,
      22.0
    ],
    [
      18.0,
      13.0,
      21.0,
      26.0,
      21.0,
      6.0,
      10.0,
      19.0,
      21.0,
      22.0,
      19.0,
      9.0,
      11.0,
      12.0,
      22.0,
      11.0,
      21.0,
      9.0,
      7.0,
      26.0,
      30.0,
      15.0,
      20.0,
      20.0,
      14.0,
      15.0,
      14.0,
      11.0,
      14.0,
      12.0,
      22.0,
      22.0,
      53.0,
      25.0,
      29.0,
      20.0,
      19.0,
      21.0,
      21.0,
      14.0
    ],
    [
      12.0,
      11.0,
      22.0,
      14.0,
      27.0,
      18.0,
      18.0,
      22.0,
      17.0,
      14.0,
      15.0,
      18.0,
      23.0,
      15.0,
      19.0,
      29.0,
      21.0,
      20.0,
      4.0,
      18.0,
      18.0,
      9.0,
      14.0,
      12.0,
      19.0,
      16.0,
      10.0,
      17.0,
      15.0,
      11.0,
      17.0,
      26.0,
      26.0,
      59.0,
      29.0,
      23.0,
      15.0,
      9.0,
      21.0,
      12.0
    ],
    [
      12.0,
      17.0,
      20.0,
      9.0,
      27.0,
      13.0,
      11.0,
      18.0,
      22.0,
      23.0,
      17.0,
      12.0,
      16.0,
      25.0,
      13.0,
      13.0,
      14.0,
      17.0,
      7.0,
      12.0,
      13.0,
      19.0,
      15.0,
      18.0,
      25.0,
      20.0,
      19.0,
      18.0,
      22.0,
      18.0,
      21.0,
      21.0,
      24.0,
      31.0,
      31.0,
      32.0,
      9.0,
      21.0,
      19.0,
      21.0
    ],
    [
      20.0,
      11.0,
      19.0,
      18.0,
      26.0,
      19.0,
      6.0,
      16.0,
      19.0,
      23.0,
      28.0,
      11.0,
      21.0,
      21.0,
      30.0,
      14.0,
      16.0,
      20.0,
      8.0,
      23.0,
      17.0,
      10.0,
      17.0,
      15.0,
      11.0,
      19.0,
      19.0,
      17.0,
      15.0,
      10.0,
      19.0,
      18.0,
      21.0,
      29.0,
      17.0,
      28.0,
      16.0,
      21.0,
      26.0,
      21.0
    ],
    [
      14.0,
      26.0,
      19.0,
      16.0,
      22.0,
      15.0,
      10.0,
      23.0,
      13.0,
      30.0,
      25.0,
      16.0,
      18.0,
      13.0,
      18.0,
      14.0,
      13.0,
      17.0,
      6.0,
      15.0,
      23.0,
      14.0,
      15.0,
      18.0,
      25.0,
      21.0,
      16.0,
      17.0,
      16.0,
      19.0,
      27.0,
      21.0,
      19.0,
      23.0,
      15.0,
      24.0,
      18.0,
      19.0,
      21.0,
      21.0
    ],
    [
      11.0,
      13.0,
      30.0,
      21.0,
      17.0,
      21.0,
      9.0,
      17.0,
      20.0,
      18.0,
      26.0,
      15.0,
      12.0,
      14.0,
      17.0,
      13.0,
      16.0,
      26.0,
      6.0,
      24.0,
      28.0,
      11.0,
      27.0,
      17.0,
      26.0,
      9.0,
      13.0,
      12.0,
      16.0,
      21.0,
      16.0,
      21.0,
      18.0,
      16.0,
      22.0,
      20.0,
      14.0,
      29.0,
      34.0,
      19.0
    ],
    [
      25.0,
      19.0,
      31.0,
      23.0,
      15.0,
      27.0,
      7.0,
      23.0,
      21.0,
      24.0,
      18.0,
      18.0,
      16.0,
      18.0,
      11.0,
      14.0,
      12.0,
      26.0,
      8.0,
      19.0,
      25.0,
      12.0,
      21.0,
      23.0,
      15.0,
      10.0,
      9.0,
      9.0,
      15.0,
      15.0,
      17.0,
      12.0,
      20.0,
      16.0,
      18.0,
      25.0,
      24.0,
      24.0,
      34.0,
      16.0
    ],
    [
      27.0,
      16.0,
      21.0,
      17.0,
      13.0,
      16.0,
      17.0,
      22.0,
      18.0,
      24.0,
      15.0,
      21.0,
      15.0,
      18.0,
      11.0,
      10.0,
      15.0,
      28.0,
      6.0,
      15.0,
      17.0,
      16.0,
      21.0,
      22.0,
      33.0,
      17.0,
      23.0,
      14.0,
      12.0,
      10.0,
      16.0,
      19.0,
      23.0,
      16.0,
      17.0,
      28.0,
      17.0,
      17.0,
      28.0,
      24.0
    ]
  ],
  "clip_sim_matrix": [
    [
      0.0,
      0.8431286215782166,
      0.6401798725128174,
      0.6799453496932983,
      0.7059236764907837,
      0.8039875030517578,
      0.7581334114074707,
      0.6396851539611816,
      0.6345237493515015,
      0.6546755433082581,
      0.6639555096626282,
      0.6905573010444641,
      0.6620870232582092,
      0.6630223989486694,
      0.6238462924957275,
      0.6884424686431885,
      0.6352404356002808,
      0.6168611645698547,
      0.76933354139328,
      0.7019428610801697,
      0.6099207997322083,
      0.6585226058959961,
      0.6509289741516113,
      0.6574122905731201,
      0.6552805304527283,
      0.6535043120384216,
      0.6436317563056946,
      0.679545521736145,
      0.6978406310081482,
      0.690258264541626,
      0.6510152220726013,
      0.6456059217453003,
      0.5911675691604614,
      0.6401461958885193,
      0.6505392789840698,
      0.6243520975112915,
      0.6739713549613953,
      0.6005420684814453,
      0.5881410241127014,
      0.6345129013061523
    ],
    [
      0.8431286215782166,
      0.0,
      0.6917191743850708,
      0.7520254850387573,
      0.7389727234840393,
      0.8114784955978394,
      0.7479642033576965,
      0.6397292613983154,
      0.631528913974762,
      0.6770339012145996,
      0.6796987056732178,
      0.712617814540863,
      0.6841033101081848,
      0.6921213865280151,
      0.6311989426612854,
      0.7050822377204895,
      0.7115709781646729,
      0.6682639122009277,
      0.7877146005630493,
      0.7175365686416626,
      0.6310285925865173,
      0.7021165490150452,
      0.6624593138694763,
      0.691771924495697,
      0.682862401008606,
      0.6738801002502441,
      0.6644048690795898,
      0.6915505528450012,
      0.694654643535614,
      0.6889529228210449,
      0.6606057286262512,
      0.6324803233146667,
      0.6047983169555664,
      0.6474790573120117,
      0.6557098031044006,
      0.6579752564430237,
      0.70441073179245,
      0.6293020248413086,
      0.631084680557251,
      0.6536563634872437
    ],
    [
      0.6401798725128174,
      0.6917191743850708,
      0.0,
      0.7768311500549316,
      0.7092107534408569,
      0.6862829327583313,
      0.7071799635887146,
      0.6518815755844116,
      0.6408916115760803,
      0.6756694316864014,
      0.7062510251998901,
      0.6462687253952026,
      0.6825358271598816,
      0.7188281416893005,
      0.5689024925231934,
      0.6232282519340515,
      0.6680595278739929,
      0.5719995498657227,
      0.6680436134338379,
      0.6359990835189819,
      0.6081167459487915,
      0.6711505651473999,
      0.6251176595687866,
      0.6827074289321899,
      0.67320716381073,
      0.6732669472694397,
      0.6006506681442261,
      0.6589130163192749,
      0.5993853807449341,
      0.6248937249183655,
      0.5519503355026245,
      0.5684459209442139,
      0.5149177312850952,
      0.5246121287345886,
      0.5551871657371521,
      0.5874090790748596,
      0.6443195939064026,
      0.6496694087982178,
      0.6433354020118713,
      0.6207416653633118
    ],
    [
      0.6799453496932983,
      0.7520254850387573,
      0.7768311500549316,
      0.0,
      0.6152533292770386,
      0.681284487247467,
      0.7210041880607605,
      0.6610488295555115,
      0.6235145926475525,
      0.6730616688728333,
      0.6449173092842102,
      0.6825234293937683,
      0.6639276146888733,
      0.7345660328865051,
      0.6068632006645203,
      0.6779587268829346,
      0.7347249984741211,
      0.6650420427322388,
      0.6992000341415405,
      0.6678787469863892,
      0.6681192517280579,
      0.7433198690414429,
      0.6773669123649597,
      0.7567582726478577,
      0.7319486737251282,
      0.7046208381652832,
      0.6557748913764954,
      0.657299280166626,
      0.6339207291603088,
      0.6456318497657776,
      0.5869570970535278,
      0.5750387907028198,
      0.5634465217590332,
      0.5887100696563721,
      0.6109785437583923,
      0.6703515648841858,
      0.6962887048721313,
      0.6713024973869324,
      0.6475945711135864,
      0.6703615784645081
    ],
    [
      0.7059236764907837,
      0.7389727234840393,
      0.7092107534408569,
      0.6152533292770386,
      0.0,
      0.7256974577903748,
      0.7043250799179077,
      0.6359807252883911,
      0.5734413862228394,
      0.6123791337013245,
      0.6797059178352356,
      0.6155522465705872,
      0.6484681367874146,
      0.6741605401039124,
      0.5595684051513672,
      0.6259657740592957,
      0.5816036462783813,
      0.5660220980644226,
      0.6612595915794373,
      0.6250403523445129,
      0.558569610118866,
      0.6131722927093506,
      0.5773909091949463,
      0.611004114151001,
      0.580406665802002,
      0.6321549415588379,
      0.5697240829467773,
      0.6414488554000854,
      0.6170783638954163,
      0.6095589995384216,
      0.597119927406311,
      0.6041375994682312,
      0.5393489003181458,
      0.5584704875946045,
      0.5688143372535706,
      0.5567670464515686,
      0.6044050455093384,
      0.55400550365448,
      0.5539315342903137,
      0.5806351900100708
    ],
    [
      0.8039875030517578,
      0.8114784955978394,
      0.6862829327583313,
      0.681284487247467,
      0.7256974577903748,
      0.0,
      0.7498308420181274,
      0.6379067301750183,
      0.621977686882019,
      0.6259856820106506,
      0.6790549159049988,
      0.6719284653663635,
      0.6823098063468933,
      0.6813506484031677,
      0.6182191371917725,
      0.6604821085929871,
      0.6621331572532654,
      0.6004423499107361,
      0.7280152440071106,
      0.6881158947944641,
      0.6020476818084717,
      0.632606029510498,
      0.6301608085632324,
      0.6482421159744263,
      0.6343692541122437,
      0.6395775079727173,
      0.6146701574325562,
      0.7049728631973267,
      0.6904521584510803,
      0.6687979698181152,
      0.6510700583457947,
      0.6692731380462646,
      0.5700898766517639,
      0.6145386099815369,
      0.6069308519363403,
      0.6199350357055664,
      0.6703887581825256,
      0.5950966477394104,
      0.5862399339675903,
      0.6300252676010132
    ],
    [
      0.7581334114074707,
      0.7479642033576965,
      0.7071799635887146,
      0.7210041880607605,
      0.7043250799179077,
      0.7498308420181274,
      0.0,
      0.741274893283844,
      0.6982095241546631,
      0.7223044633865356,
      0.7485171556472778,
      0.7685146927833557,
      0.749835729598999,
      0.7606808543205261,
      0.6261709332466125,
      0.7119088768959045,
      0.6936390399932861,
      0.6556253433227539,
      0.7607244253158569,
      0.7141898274421692,
      0.6461975574493408,
      0.7439979314804077,
      0.6949631571769714,
      0.739436149597168,
      0.7103161811828613,
      0.7467126250267029,
      0.6790887117385864,
      0.7266995310783386,
      0.6844361424446106,
      0.7287607192993164,
      0.6541739702224731,
      0.65140300989151,
      0.585188090801239,
      0.6452288031578064,
      0.6440670490264893,
      0.6444278955459595,
      0.6904178857803345,
      0.705062747001648,
      0.7181015014648438,
      0.7123958468437195
    ],
    [
      0.6396851539611816,
      0.6397292613983154,
      0.6518815755844116,
      0.6610488295555115,
      0.6359807252883911,
      0.6379067301750183,
      0.741274893283844,
      0.0,
      0.8109751343727112,
      0.83641117811203,
      0.8343365788459778,
      0.6831607222557068,
      0.7225613594055176,
      0.6663580536842346,
      0.5741775035858154,
      0.6124323606491089,
      0.6151264309883118,
      0.5987292528152466,
      0.6576555967330933,
      0.6195927858352661,
      0.6086887121200562,
      0.7686901092529297,
      0.6257344484329224,
      0.6765946745872498,
      0.6308695673942566,
      0.7151484489440918,
      0.6423302292823792,
      0.6701464653015137,
      0.6259154677391052,
      0.6462334394454956,
      0.5869256854057312,
      0.5934624075889587,
      0.5394006371498108,
      0.5516924858093262,
      0.5772380232810974,
      0.6112303733825684,
      0.6209662556648254,
      0.6413977742195129,
      0.6254951357841492,
      0.7340282201766968
    ],
    [
      0.6345237493515015,
      0.631528913974762,
      0.6408916115760803,
      0.6235145926475525,
      0.5734413862228394,
      0.621977686882019,
      0.6982095241546631,
      0.8109751343727112,
      0.0,
      0.7583797574043274,
      0.7909300327301025,
      0.679925262928009,
      0.7655164003372192,
      0.6500752568244934,
      0.5732366442680359,
      0.6334418058395386,
      0.6194881200790405,
      0.569682776927948,
      0.6821079850196838,
      0.6231967806816101,
      0.606391429901123,
      0.7262338995933533,
      0.6164875626564026,
      0.6435102820396423,
      0.6246501207351685,
      0.7020308375358582,
      0.6963176727294922,
      0.6624126434326172,
      0.6363525390625,
      0.6941835880279541,
      0.6033770442008972,
      0.6158593893051147,
      0.5703644752502441,
      0.5644871592521667,
      0.5967555046081543,
      0.5923302173614502,
      0.6124518513679504,
      0.6672704815864563,
      0.5984072089195251,
      0.7045184373855591
    ],
    [
      0.6546755433082581,
      0.6770339012145996,
      0.6756694316864014,
      0.6730616688728333,
      0.6123791337013245,
      0.6259856820106506,
      0.7223044633865356,
      0.83641117811203,
      0.7583797574043274,
      0.0,
      0.8327432870864868,
      0.5920246839523315,
      0.6287918090820312,
      0.6402785778045654,
      0.5890231132507324,
      0.630173921585083,
      0.6461446285247803,
      0.6231921315193176,
      0.6836004257202148,
      0.6215894818305969,
      0.5918950438499451,
      0.7735994458198547,
      0.6309286952018738,
      0.6798328757286072,
      0.6476884484291077,
      0.7060710787773132,
      0.633581280708313,
      0.6750091910362244,
      0.625328004360199,
      0.6565207242965698,
      0.6192029118537903,
      0.6168621778488159,
      0.5549509525299072,
      0.5883065462112427,
      0.6030370593070984,
      0.6148048639297485,
      0.674575924873352,
      0.6043092608451843,
      0.6893686652183533,
      0.7818946838378906
    ],
    [
      0.6639555096626282,
      0.6796987056732178,
      0.7062510251998901,
      0.6449173092842102,
      0.6797059178352356,
      0.6790549159049988,
      0.7485171556472778,
      0.8343365788459778,
      0.7909300327301025,
      0.8327432870864868,
      0.0,
      0.6497725248336792,
      0.6788337230682373,
      0.6652770638465881,
      0.5763357281684875,
      0.6158508062362671,
      0.6374859809875488,
      0.5985561013221741,
      0.6681312918663025,
      0.6085560917854309,
      0.5739101767539978,
      0.7656938433647156,
      0.613027036190033,
      0.6638685464859009,
      0.6447452306747437,
      0.7052246928215027,
      0.6116799712181091,
      0.6347036361694336,
      0.6191152930259705,
      0.6589763164520264,
      0.64201420545578,
      0.6308227777481079,
      0.5324442386627197,
      0.5782665014266968,
      0.5589286684989929,
      0.5981920957565308,
      0.6250042915344238,
      0.6349581480026245,
      0.6222417950630188,
      0.7379330396652222
    ],
    [
      0.6905573010444641,
      0.712617814540863,
      0.6462687253952026,
      0.6825234293937683,
      0.6155522465705872,
      0.6719284653663635,
      0.7685146927833557,
      0.6831607222557068,
      0.679925262928009,
      0.5920246839523315,
      0.6497725248336792,
      0.0,
      0.7487366795539856,
      0.745246410369873,
      0.5583302974700928,
      0.659898042678833,
      0.6459507346153259,
      0.5747760534286499,
      0.718740701675415,
      0.6590450406074524,
      0.5830262899398804,
      0.6875237226486206,
      0.6453823447227478,
      0.6911026835441589,
      0.6762681007385254,
      0.6827377676963806,
      0.7159078121185303,
      0.6997367143630981,
      0.6718425750732422,
      0.6982764005661011,
      0.6285395622253418,
      0.6199173331260681,
      0.5392111539840698,
      0.5971074104309082,
      0.6049267649650574,
      0.5683416128158569,
      0.6200308203697205,
      0.6577461361885071,
      0.6015849709510803,
      0.6130906343460083
    ],
    [
      0.6620870232582092,
      0.6841033101081848,
      0.6825358271598816,
      0.6639276146888733,
      0.6484681367874146,
      0.6823098063468933,
      0.749835729598999,
      0.7225613594055176,
      0.7655164003372192,
      0.6287918090820312,
      0.6788337230682373,
      0.7487366795539856,
      0.0,
      0.7742751240730286,
      0.5810381174087524,
      0.6447827219963074,
      0.630824625492096,
      0.5853995084762573,
      0.705662727355957,
      0.6686567068099976,
      0.631328284740448,
      0.6765690445899963,
      0.6439733505249023,
      0.7030640244483948,
      0.6662559509277344,
      0.7058103680610657,
      0.6653552055358887,
      0.739414393901825,
      0.699118435382843,
      0.6730896830558777,
      0.675271213054657,
      0.6483076810836792,
      0.5958743095397949,
      0.578943133354187,
      0.6156505942344666,
      0.5986775159835815,
      0.6445499062538147,
      0.639631450176239,
      0.596839964389801,
      0.6212819814682007
    ],
    [
      0.6630223989486694,
      0.6921213865280151,
      0.7188281416893005,
      0.7345660328865051,
      0.6741605401039124,
      0.6813506484031677,
      0.7606808543205261,
      0.6663580536842346,
      0.6500752568244934,
      0.6402785778045654,
      0.6652770638465881,
      0.745246410369873,
      0.7742751240730286,
      0.0,
      0.6075022220611572,
      0.675968587398529,
      0.7123777866363525,
      0.6669366955757141,
      0.725452721118927,
      0.679867684841156,
      0.6433113217353821,
      0.764660656452179,
      0.7299729585647583,
      0.8214401006698608,
      0.8113418817520142,
      0.7971028685569763,
      0.6830048561096191,
      0.6849323511123657,
      0.6432779431343079,
      0.6722008585929871,
      0.6205366253852844,
      0.6303125619888306,
      0.584450364112854,
      0.6198853850364685,
      0.6282384991645813,
      0.6267793774604797,
      0.6891204118728638,
      0.652491569519043,
      0.6253307461738586,
      0.6700177788734436
    ],
    [
      0.6238462924957275,
      0.6311989426612854,
      0.5689024925231934,
      0.6068632006645203,
      0.5595684051513672,
      0.6182191371917725,
      0.6261709332466125,
      0.5741775035858154,
      0.5732366442680359,
      0.5890231132507324,
      0.5763357281684875,
      0.5583302974700928,
      0.5810381174087524,
      0.6075022220611572,
      0.0,
      0.7744774222373962,
      0.7710473537445068,
      0.642770528793335,
      0.762914776802063,
      0.733794629573822,
      0.6517840027809143,
      0.6250371336936951,
      0.6412383913993835,
      0.615565836429596,
      0.6235516667366028,
      0.6023682951927185,
      0.6239228248596191,
      0.6584165692329407,
      0.6224298477172852,
      0.6533828973770142,
      0.638317346572876,
      0.6176522374153137,
      0.6755197644233704,
      0.650094211101532,
      0.6610074639320374,
      0.6860722899436951,
      0.6809611320495605,
      0.5840938687324524,
      0.5908063650131226,
      0.6303365230560303
    ],
    [
      0.6884424686431885,
      0.7050822377204895,
      0.6232282519340515,
      0.6779587268829346,
      0.6259657740592957,
      0.6604821085929871,
      0.7119088768959045,
      0.6124323606491089,
      0.6334418058395386,
      0.630173921585083,
      0.6158508062362671,
      0.659898042678833,
      0.6447827219963074,
      0.675968587398529,
      0.7744774222373962,
      0.0,
      0.8373749256134033,
      0.7037726640701294,
      0.8403952121734619,
      0.7868835926055908,
      0.7464988827705383,
      0.6958661079406738,
      0.7114992737770081,
      0.6704437732696533,
      0.6892443895339966,
      0.6794400215148926,
      0.6910335421562195,
      0.7140083909034729,
      0.6863259673118591,
      0.7197683453559875,
      0.6664022207260132,
      0.6581248641014099,
      0.7303281426429749,
      0.7576004862785339,
      0.7560023069381714,
      0.7047151327133179,
      0.7251757979393005,
      0.6469828486442566,
      0.642193078994751,
      0.6677508354187012
    ],
    [
      0.6352404356002808,
      0.7115709781646729,
      0.6680595278739929,
      0.7347249984741211,
      0.5816036462783813,
      0.6621331572532654,
      0.6936390399932861,
      0.6151264309883118,
      0.6194881200790405,
      0.6461446285247803,
      0.6374859809875488,
      0.6459507346153259,
      0.630824625492096,
      0.7123777866363525,
      0.7710473537445068,
      0.8373749256134033,
      0.0,
      0.7506322264671326,
      0.7944657206535339,
      0.7580817341804504,
      0.7481281757354736,
      0.744622528553009,
      0.7107734680175781,
      0.6998528242111206,
      0.771622359752655,
      0.6964230537414551,
      0.6537327766418457,
      0.6766262650489807,
      0.630270779132843,
      0.6685664057731628,
      0.6344214081764221,
      0.6259020566940308,
      0.642608106136322,
      0.6782610416412354,
      0.6844775080680847,
      0.762839674949646,
      0.7608493566513062,
      0.6600774526596069,
      0.6795618534088135,
      0.6974125504493713
    ],
    [
      0.6168611645698547,
      0.6682639122009277,
      0.5719995498657227,
      0.6650420427322388,
      0.5660220980644226,
      0.6004423499107361,
      0.6556253433227539,
      0.5987292528152466,
      0.569682776927948,
      0.6231921315193176,
      0.5985561013221741,
      0.5747760534286499,
      0.5853995084762573,
      0.6669366955757141,
      0.642770528793335,
      0.7037726640701294,
      0.7506322264671326,
      0.0,
      0.6848270893096924,
      0.6408653855323792,
      0.6297966837882996,
      0.7028641700744629,
      0.6450060606002808,
      0.7946345210075378,
      0.7029427886009216,
      0.684515655040741,
      0.6270516514778137,
      0.6184925436973572,
      0.6185095906257629,
      0.6238036155700684,
      0.5977640151977539,
      0.5845213532447815,
      0.5971687436103821,
      0.6433879137039185,
      0.6175399422645569,
      0.7263377904891968,
      0.7167254090309143,
      0.6514769792556763,
      0.659569263458252,
      0.6796379089355469
    ],
    [
      0.76933354139328,
      0.7877146005630493,
      0.6680436134338379,
      0.6992000341415405,
      0.6612595915794373,
      0.7280152440071106,
      0.7607244253158569,
      0.6576555967330933,
      0.6821079850196838,
      0.6836004257202148,
      0.6681312918663025,
      0.718740701675415,
      0.705662727355957,
      0.725452721118927,
      0.762914776802063,
      0.8403952121734619,
      0.7944657206535339,
      0.6848270893096924,
      0.0,
      0.8747141361236572,
      0.7370389699935913,
      0.7363345623016357,
      0.7522302269935608,
      0.724676251411438,
      0.7302998900413513,
      0.7123716473579407,
      0.7047396302223206,
      0.7647297382354736,
      0.7460430264472961,
      0.7733558416366577,
      0.7210244536399841,
      0.692673921585083,
      0.7277860045433044,
      0.7759484052658081,
      0.7663165926933289,
      0.7103113532066345,
      0.7542117238044739,
      0.657833456993103,
      0.6704391241073608,
      0.7127383947372437
    ],
    [
      0.7019428610801697,
      0.7175365686416626,
      0.6359990835189819,
      0.6678787469863892,
      0.6250403523445129,
      0.6881158947944641,
      0.7141898274421692,
      0.6195927858352661,
      0.6231967806816101,
      0.6215894818305969,
      0.6085560917854309,
      0.6590450406074524,
      0.6686567068099976,
      0.679867684841156,
      0.733794629573822,
      0.7868835926055908,
      0.7580817341804504,
      0.6408653855323792,
      0.8747141361236572,
      0.0,
      0.7397950291633606,
      0.691551685333252,
      0.7176061272621155,
      0.6776262521743774,
